65856 0.25169092 0.00000000
65857 0.25169092 0.00000000
65858 0.25169092 0.00000000
65859 0.25169092 0.00000000
65860 0.25169092 0.00000000
65861 0.25169092 0.00000000
65862 0.25169092 0.00000000
65863 0.25169092 0.00000000
65864 0.25169092 0.00000000
65865 0.25169092 0.00000000
65866 0.25169092 0.00000000
65867 0.25169092 0.00000000
65868 0.25169092 0.00000000
65869 0.25169092 0.00000000
65870 0.25169092 0.00000000
65871 0.25169092 0.00000000
65872 0.25169092 0.00000000
65873 0.25169092 0.00000000
65874 0.25169092 0.00000000
65875 0.25169092 0.00000000
65876 0.25169092 0.00000000
65877 0.25169092 0.00000000
65878 0.25169092 0.00000000
65879 0.25169092 0.00000000
65880 0.25169092 0.00000000
65881 0.25169092 0.00000000
65882 0.25169092 0.00000000
65883 0.25169092 0.00000000
65884 0.25169092 0.00000000
65885 0.25169092 0.00000000
65886 0.25169092 0.00000000
65887 0.25169092 0.00000000
65888 0.25169092 0.00000000
65889 0.25169092 0.00000000
65890 0.25169092 0.00000000
65891 0.25169092 0.00000000
65892 0.25169092 0.00000000
65893 0.25169092 0.00000000
65894 0.25169092 0.00000000
65895 0.25169092 0.00000000
65896 0.25169092 0.00000000
65897 0.25169092 0.00000000
65898 0.25169092 0.00000000
65899 0.25169092 0.00000000
65900 0.25169092 0.00000000
65901 0.25169092 0.00000000
65902 0.25169092 0.00000000
65903 0.25169092 0.00000000
65904 0.25169092 0.00000000
65905 0.25169092 0.00000000
65906 0.25169092 0.00000000
65907 0.25169092 0.00000000
65908 0.25169092 0.00000000
65909 0.25169092 0.00000000
65910 0.25169092 0.00000000
65911 0.25169092 0.00000000
65912 0.25169092 0.00000000
65913 0.25169092 0.00000000
65914 0.25169092 0.00000000
65915 0.25169092 0.00000000
65916 0.25169092 0.00000000
65917 0.25169092 0.00000000
65918 0.25169092 0.00000000
65919 0.25169092 0.00000000
65920 0.25169092 0.00000000
65921 0.25169092 0.00000000
65922 0.25169092 0.00000000
65923 0.25169092 0.00000000
65924 0.25169092 0.00000000
65925 0.25169092 0.00000000
65926 0.25169092 0.00000000
65927 0.25169092 0.00000000
65928 0.25169092 0.00000000
65929 0.25169092 0.00000000
65930 0.25169092 0.00000000
65931 0.25169092 0.00000000
65932 0.25169092 0.00000000
65933 0.25169092 0.00000000
65934 0.25169092 0.00000000
65935 0.25169092 0.00000000
65936 0.25169092 0.00000000
65937 0.25169092 0.00000000
65938 0.25169092 0.00000000
65939 0.25169092 0.00000000
65940 0.25169092 0.00000000
65941 0.25169092 0.00000000
65942 0.25169092 0.00000000
65943 0.25169092 0.00000000
65944 0.25169092 0.00000000
65945 0.25169092 0.00000000
65946 0.25169092 0.00000000
65947 0.25169092 0.00000000
65948 0.25169092 0.00000000
65949 0.25169092 0.00000000
65950 0.25169092 0.00000000
65951 0.25169092 0.00000000
65952 0.25169092 0.00000000
65953 0.25169092 0.00000000
65954 0.25169092 0.00000000
65955 0.25169092 0.00000000
65956 0.25169092 0.00000000
65957 0.25169092 0.00000000
65958 0.25169092 0.00000000
65959 0.25169092 0.00000000
65960 0.25169092 0.00000000
65961 0.25169092 0.00000000
65962 0.25169092 0.00000000
65963 0.25169092 0.00000000
65964 0.25169092 0.00000000
65965 0.25169092 0.00000000
65966 0.25169092 0.00000000
65967 0.25169092 0.00000000
65968 0.25169092 0.00000000
65969 0.25169092 0.00000000
65970 0.25169092 0.00000000
65971 0.25169092 0.00000000
65972 0.25169092 0.00000000
65973 0.25169092 0.00000000
65974 0.25169092 0.00000000
65975 0.25169092 0.00000000
65976 0.25169092 0.00000000
65977 0.25169092 0.00000000
65978 0.25169092 0.00000000
65979 0.25169092 0.00000000
65980 0.25169092 0.00000000
65981 0.25169092 0.00000000
65982 0.25169092 0.00000000
65983 0.25169092 0.00000000
65984 0.25169092 0.00000000
