65792 0.00987961 0.00000000
65793 0.01039654 0.00000000
65794 0.01093614 0.00000000
65795 0.01149915 0.00000000
65796 0.01208631 0.00000000
65797 0.01269837 0.00000000
65798 0.01333608 0.00000000
65799 0.01400022 0.00000000
65800 0.01469156 0.00000000
65801 0.01541087 0.00000000
65802 0.01615894 0.00000000
65803 0.01693654 0.00000000
65804 0.01774446 0.00000000
65805 0.01858349 0.00000000
65806 0.01945440 0.00000000
65807 0.02035799 0.00000000
65808 0.02129502 0.00000000
65809 0.02226628 0.00000000
65810 0.02327252 0.00000000
65811 0.02431451 0.00000000
65812 0.02539299 0.00000000
65813 0.02650871 0.00000000
65814 0.02766238 0.00000000
65815 0.02885471 0.00000000
65816 0.03008640 0.00000000
65817 0.03135812 0.00000000
65818 0.03267053 0.00000000
65819 0.03402424 0.00000000
65820 0.03541988 0.00000000
65821 0.03685802 0.00000000
65822 0.03833922 0.00000000
65823 0.03986399 0.00000000
65824 0.04143282 0.00000000
65825 0.04304617 0.00000000
65826 0.04470446 0.00000000
65827 0.04640807 0.00000000
65828 0.04815733 0.00000000
65829 0.04995254 0.00000000
65830 0.05179395 0.00000000
65831 0.05368176 0.00000000
65832 0.05561613 0.00000000
65833 0.05759716 0.00000000
65834 0.05962490 0.00000000
65835 0.06169935 0.00000000
65836 0.06382043 0.00000000
65837 0.06598803 0.00000000
65838 0.06820196 0.00000000
65839 0.07046198 0.00000000
65840 0.07276778 0.00000000
65841 0.07511899 0.00000000
65842 0.07751514 0.00000000
65843 0.07995575 0.00000000
65844 0.08244021 0.00000000
65845 0.08496788 0.00000000
65846 0.08753803 0.00000000
65847 0.09014985 0.00000000
65848 0.09280248 0.00000000
65849 0.09549495 0.00000000
65850 0.09822623 0.00000000
65851 0.10099523 0.00000000
65852 0.10380076 0.00000000
65853 0.10664156 0.00000000
65854 0.10951629 0.00000000
65855 0.11242354 0.00000000
65856 0.11536181 0.00000000
65857 0.11832953 0.00000000
65858 0.12132505 0.00000000
65859 0.12434666 0.00000000
65860 0.12739256 0.00000000
65861 0.13046087 0.00000000
65862 0.13354965 0.00000000
65863 0.13665689 0.00000000
65864 0.13978050 0.00000000
65865 0.14291833 0.00000000
65866 0.14606816 0.00000000
65867 0.14922770 0.00000000
65868 0.15239462 0.00000000
65869 0.15556651 0.00000000
65870 0.15874090 0.00000000
65871 0.16191530 0.00000000
65872 0.16508712 0.00000000
65873 0.16825376 0.00000000
65874 0.17141257 0.00000000
65875 0.17456084 0.00000000
65876 0.17769584 0.00000000
65877 0.18081480 0.00000000
65878 0.18391493 0.00000000
65879 0.18699340 0.00000000
65880 0.19004736 0.00000000
65881 0.19307396 0.00000000
65882 0.19607031 0.00000000
65883 0.19903354 0.00000000
65884 0.20196074 0.00000000
65885 0.20484904 0.00000000
65886 0.20769555 0.00000000
65887 0.21049741 0.00000000
65888 0.21325174 0.00000000
65889 0.21595571 0.00000000
65890 0.21860650 0.00000000
65891 0.22120134 0.00000000
65892 0.22373746 0.00000000
65893 0.22621216 0.00000000
65894 0.22862276 0.00000000
65895 0.23096665 0.00000000
65896 0.23324125 0.00000000
65897 0.23544406 0.00000000
65898 0.23757262 0.00000000
65899 0.23962455 0.00000000
65900 0.24159755 0.00000000
65901 0.24348938 0.00000000
65902 0.24529789 0.00000000
65903 0.24702099 0.00000000
65904 0.24865672 0.00000000
65905 0.25020319 0.00000000
65906 0.25165858 0.00000000
65907 0.25302121 0.00000000
65908 0.25428949 0.00000000
65909 0.25546191 0.00000000
65910 0.25653711 0.00000000
65911 0.25751380 0.00000000
65912 0.25839084 0.00000000
65913 0.25916718 0.00000000
65914 0.25984189 0.00000000
65915 0.26041417 0.00000000
65916 0.26088334 0.00000000
65917 0.26124883 0.00000000
65918 0.26151021 0.00000000
65919 0.26166716 0.00000000
65920 0.26171950 0.00000000
65921 0.26166716 0.00000000
65922 0.26151021 0.00000000
65923 0.26124883 0.00000000
65924 0.26088334 0.00000000
65925 0.26041417 0.00000000
65926 0.25984189 0.00000000
65927 0.25916718 0.00000000
65928 0.25839084 0.00000000
65929 0.25751380 0.00000000
65930 0.25653711 0.00000000
65931 0.25546191 0.00000000
65932 0.25428949 0.00000000
65933 0.25302121 0.00000000
65934 0.25165858 0.00000000
65935 0.25020319 0.00000000
65936 0.24865672 0.00000000
65937 0.24702099 0.00000000
65938 0.24529789 0.00000000
65939 0.24348938 0.00000000
65940 0.24159755 0.00000000
65941 0.23962455 0.00000000
65942 0.23757262 0.00000000
65943 0.23544406 0.00000000
65944 0.23324125 0.00000000
65945 0.23096665 0.00000000
65946 0.22862276 0.00000000
65947 0.22621216 0.00000000
65948 0.22373746 0.00000000
65949 0.22120134 0.00000000
65950 0.21860650 0.00000000
65951 0.21595571 0.00000000
65952 0.21325174 0.00000000
65953 0.21049741 0.00000000
65954 0.20769555 0.00000000
65955 0.20484904 0.00000000
65956 0.20196074 0.00000000
65957 0.19903354 0.00000000
65958 0.19607031 0.00000000
65959 0.19307396 0.00000000
65960 0.19004736 0.00000000
65961 0.18699340 0.00000000
65962 0.18391493 0.00000000
65963 0.18081480 0.00000000
65964 0.17769584 0.00000000
65965 0.17456084 0.00000000
65966 0.17141257 0.00000000
65967 0.16825376 0.00000000
65968 0.16508712 0.00000000
65969 0.16191530 0.00000000
65970 0.15874090 0.00000000
65971 0.15556651 0.00000000
65972 0.15239462 0.00000000
65973 0.14922770 0.00000000
65974 0.14606816 0.00000000
65975 0.14291833 0.00000000
65976 0.13978050 0.00000000
65977 0.13665689 0.00000000
65978 0.13354965 0.00000000
65979 0.13046087 0.00000000
65980 0.12739256 0.00000000
65981 0.12434666 0.00000000
65982 0.12132505 0.00000000
65983 0.11832953 0.00000000
65984 0.11536181 0.00000000
65985 0.11242354 0.00000000
65986 0.10951629 0.00000000
65987 0.10664156 0.00000000
65988 0.10380076 0.00000000
65989 0.10099523 0.00000000
65990 0.09822623 0.00000000
65991 0.09549495 0.00000000
65992 0.09280248 0.00000000
65993 0.09014985 0.00000000
65994 0.08753803 0.00000000
65995 0.08496788 0.00000000
65996 0.08244021 0.00000000
65997 0.07995575 0.00000000
65998 0.07751514 0.00000000
65999 0.07511899 0.00000000
66000 0.07276778 0.00000000
66001 0.07046198 0.00000000
66002 0.06820196 0.00000000
66003 0.06598803 0.00000000
66004 0.06382043 0.00000000
66005 0.06169935 0.00000000
66006 0.05962490 0.00000000
66007 0.05759716 0.00000000
66008 0.05561613 0.00000000
66009 0.05368176 0.00000000
66010 0.05179395 0.00000000
66011 0.04995254 0.00000000
66012 0.04815733 0.00000000
66013 0.04640807 0.00000000
66014 0.04470446 0.00000000
66015 0.04304617 0.00000000
66016 0.04143282 0.00000000
66017 0.03986399 0.00000000
66018 0.03833922 0.00000000
66019 0.03685802 0.00000000
66020 0.03541988 0.00000000
66021 0.03402424 0.00000000
66022 0.03267053 0.00000000
66023 0.03135812 0.00000000
66024 0.03008640 0.00000000
66025 0.02885471 0.00000000
66026 0.02766238 0.00000000
66027 0.02650871 0.00000000
66028 0.02539299 0.00000000
66029 0.02431451 0.00000000
66030 0.02327252 0.00000000
66031 0.02226628 0.00000000
66032 0.02129502 0.00000000
66033 0.02035799 0.00000000
66034 0.01945440 0.00000000
66035 0.01858349 0.00000000
66036 0.01774446 0.00000000
66037 0.01693654 0.00000000
66038 0.01615894 0.00000000
66039 0.01541087 0.00000000
66040 0.01469156 0.00000000
66041 0.01400022 0.00000000
66042 0.01333608 0.00000000
66043 0.01269837 0.00000000
66044 0.01208631 0.00000000
66045 0.01149915 0.00000000
66046 0.01093614 0.00000000
66047 0.01039654 0.00000000
66048 0.00987961 0.00000000
